// Kuja:
12 Add 70 71 72 73 74 75 76 77 78 10006
12 Add 88 89 90 91 92 93 94 95 96 97 100 101 217
12 Add 112 113 114 115 116 117 118 119 121 122 123 124 125 126 127 128 129 130 131 133 134 135
12 Add 148 149 150 151 152 153 154 155 156 157 158 159 160 161 162 164 165 167 170 173 175
12 Add 192 193 194 195 196 197 198 200 201 202 203 204 205 206 207 208 209 210 211 212 213 214 219 221 224 225 226 227 228 229 230 231 232 233 234 235 250

// Fratley:
13 Add 31 32 33 34 35 36 37 38 39 40 10007
13 Add 88 89 90 91 92 93 94 95 96 97 99 100 101 217
13 Add 112 113 114 115 116 117 118 119 121 122 123 124 125 126 127 128 129 130 131 133 134 135
13 Add 148 149 150 151 152 153 154 155 156 157 158 159 160 161 162 164 165 167 188
13 Add 192 193 194 195 196 197 198 200 201 202 203 204 205 206 207 208 209 210 211 212 213 214 221 224 225 226 227 228 229 230 231 232 233 234 235 250

// Lani:
14 Add 10000 10001 10002 10003 10004 10005
14 Add 88 89 90 91 92 93 94 95 96 97 98 100 101 217
14 Add 112 113 114 115 116 117 118 119 120 121 122 123 124 125 126 127 128 129 130 131 132 133 134 135
14 Add 148 149 150 151 152 153 154 155 156 157 158 159 160 161 162 163 164 165 166 167 168 169 170 172 173 174 175
14 Add 192 193 194 195 196 197 198 199 200 201 202 203 204 205 206 207 208 209 210 211 212 213 214 215 216 218 219 220 221 222 223 224 225 226 227 228 229 230 231 232 233 234 235 250

// Haagen:
15 Add 16 17 18 19 20 21 22 23 24 25 26 27 28 29 30
15 Add 102 103 104 105 106 107 108 109 110 111 217
15 Add 136 137 138 139 140 141 142 143 144 145 146 147
15 Add 176 177 178 179 180 181 182 183 184 185 186 187 188 189 190 191 10034
15 Add 192 193 194 195 196 197 198 199 200 201 202 203 204 205 206 207 208 209 210 211 212 213 214 215 221 224 225 226 227 228 229 230 231 232 233 234 235

// Kohel:
16 Add 31 32 33 34 35 36 37 38 39 40 10008 10009
16 Add 102 103 104 105 106 107 108 109 110 111 217
16 Add 136 137 138 139 140 141 142 143 144 145 146 147
16 Add 176 177 178 179 180 181 182 183 184 185 186 187 188 189 190 191
16 Add 192 193 194 195 196 197 198 199 200 201 202 203 204 205 206 207 208 209 210 211 212 213 214 215 221 224 225 226 227 228 229 230 231 232 233 234 235

// Aria:
17 Add 41 42 43 44 45 46 47 48 49 50 10010 10011 10012
17 Add 88 89 90 91 92 93 94 95 96 97 98 99 100 101 217
17 Add 112 113 114 115 116 117 118 121 122 123 124 125 126 127 128 129 130 131 132 134 135
17 Add 148 149 150 151 152 153 154 155 157 158 159 160 161 162 163 165 166
17 Add 192 193 194 195 196 197 198 199 200 201 202 203 204 205 206 207 208 209 210 211 212 213 214 215 216 218 219 220 221 222 223 224 225 226 227 228 229 230 231 232 233 234 235

// Ophelia:
18 Add 16 17 18 19 20 21 22 23 24 25 26 27 28 29 30
18 Add 102 103 104 105 106 107 108 109 110 111 217
18 Add 136 137 138 139 140 141 142 143 144 145 146 147
18 Add 149 158 163 166 177 178 179 180 181 182 183 184 185 186 187 188 189 190 191
18 Add 192 193 194 195 196 197 198 199 200 201 202 203 204 205 206 207 208 209 210 211 212 213 214 215 216 218 219 220 221 222 223 224 225 226 227 228 229 230 231 232 233 234 235

// Dan:
19 Add 1 2 3 4 5 6 10022 10023 10024
19 Add 88 89 90 91 92 93 94 95 96 97 98 99 100 101 217
19 Add 112 113 114 115 116 117 118 120 121 122 123 124 125 126 127 128 129 130 131 132 134 135
19 Add 148 149 150 151 152 153 154 155 157 158 159 160 161 162 164 165 167 10034
19 Add 192 193 194 195 196 197 198 199 200 201 202 203 204 205 206 207 208 209 210 211 212 213 214 215 221 224 225 226 227 228 229 230 231 232 233 234 235

// Jeame:
20 Add 51 52 53 54 55 56 10025 10026
20 Add 88 89 90 91 92 93 94 95 96 97 98 99 100 101 217
20 Add 112 113 114 115 116 117 118 119 120 121 122 123 124 125 126 127 128 129 130 131 132 133 134 135
20 Add 148 149 150 151 152 153 154 155 156 157 158 159 160 161 162 163 165 166 168 169 170 172 174 175
20 Add 195 196 197 198 199 200 201 202 203 204 205 206 207 208 209 210 211 212 213 214 215 216 218 219 220 221 222 223 224 225 226 227 228 229 230 231 232 233 234 235

// Puck:
21 Add 16 17 18 19 20 21 22 23 24 57 58 59 60 61 62 63 70 71 72 73 74 75 76 77 78
21 Add 88 89 90 91 92 93 94 95 96 97 98 99 100 101 217
21 Add 112 113 114 115 116 117 118 119 120 121 122 123 124 125 126 127 128 129 130 131 132 133 134 135
21 Add 148 149 150 151 152 153 154 155 156 157 158 159 160 161 162 164 165 167 168 169 170 172 173 174 175
21 Add 192 193 194 195 196 197 198 199 200 201 202 203 204 205 206 207 208 209 210 211 212 213 214 215 221 224 225 226 227 228 229 230 231 232 233 234 235

// Mikoto:
22 Add 10027 10035 10036 10037 10038 10039 10040 10041
22 Add 88 89 90 91 92 93 94 95 96 97 98 99 100 101 217
22 Add 112 113 114 115 116 117 118 119 120 121 122 123 124 125 126 127 128 129 130 131 132 134 135
22 Add 148 149 150 151 152 153 154 155 156 157 158 159 160 161 162 163 164 165 166
22 Add 192 193 194 195 196 197 198 199 200 201 202 203 204 205 206 207 208 209 210 211 212 213 214 215 216 218 219 220 221 222 223 224 225 226 227 228 229 230 231 232 233 234 235

// Gerome:
23 Add 10042 10043 10044 10045 10046 10047 10048 10049
23 Add 88 89 90 91 92 93 94 95 96 97 98 99 100 101 217
23 Add 112 113 114 115 116 117 118 119 120 121 122 123 124 125 126 127 128 129 130 131 132 134 135
23 Add 148 149 150 151 152 153 154 155 156 157 158 159 160 161 162 164 167
23 Add 192 193 194 195 196 197 198 199 200 201 202 203 204 205 206 207 208 209 210 211 212 213 214 215 221 224 225 226 227 228 229 230 231 232 233 234 235

// Ruby:
24 Add 51 52 53 54 55 56 10025 10026
24 Add 88 89 90 91 92 93 94 95 96 97 98 99 100 101 217
24 Add 112 113 114 115 116 117 118 119 120 121 122 123 124 125 126 127 128 129 130 131 132 133 134 135
24 Add 148 149 150 151 152 153 154 155 156 157 158 159 160 161 162 163 165 166 168 169 170 173 174 175
24 Add 192 193 194 195 196 197 198 199 200 201 202 203 204 205 206 207 208 209 210 211 212 213 214 215 216 218 219 220 221 222 223 224 225 226 227 228 229 230 231 232 233 234 235

// Baku:
25 Add 16 17 18 19 20 21 22 23 24 25 26 27 28 29 30
25 Add 102 103 104 105 106 107 108 109 110 111 217
25 Add 136 137 138 139 140 141 142 143 144 145 146 147
25 Add 176 177 178 179 180 181 182 183 184 185 186 187 188 189 190 191
25 Add 192 193 194 195 196 197 198 199 200 201 202 203 204 205 206 207 208 209 210 211 212 213 214 215 221 224 225 226 227 228 229 230 231 232 233 234 235

